# oST version 5.0 parameters


[image]

width
640

height
480

[narrow_stereo]

camera matrix
653.418544 0.000000 358.857783
0.000000 652.863595 235.538805
0.000000 0.000000 1.000000

distortion
-0.451566 0.238355 -0.000850 -0.002483 0.000000

rectification
1.000000 0.000000 0.000000
0.000000 1.000000 0.000000
0.000000 0.000000 1.000000

projection
575.133606 0.000000 367.129653 0.000000
0.000000 610.114441 234.605856 0.000000
0.000000 0.000000 1.000000 0.000000

